x <- 10
x+1
y <- 7
x+y
